              precision    recall  f1-score   support

           3       0.00      0.00      0.00         2
           4       0.00      0.00      0.00         9
           5       0.72      0.73      0.73       139
           6       0.70      0.58      0.64       127
           7       1.00      0.02      0.05        41
           8       0.00      0.00      0.00         2

    accuracy                           0.55       320
   macro avg       0.40      0.22      0.23       320
weighted avg       0.72      0.55      0.57       320
