              precision    recall  f1-score   support

           3       0.00      0.00      0.00         2
           4       0.00      0.00      0.00         9
           5       0.69      0.66      0.68       139
           6       0.69      0.63      0.66       127
           7       0.71      0.41      0.52        41
           8       0.50      0.50      0.50         2

    accuracy                           0.59       320
   macro avg       0.43      0.37      0.39       320
weighted avg       0.67      0.59      0.63       320
