              precision    recall  f1-score   support

           3       0.00      0.00      0.00         2
           4       0.50      0.11      0.18         9
           5       0.73      0.78      0.76       139
           6       0.67      0.79      0.72       127
           7       0.72      0.32      0.44        41
           8       1.00      0.50      0.67         2

    accuracy                           0.70       320
   macro avg       0.60      0.42      0.46       320
weighted avg       0.70      0.70      0.68       320
