              precision    recall  f1-score   support

           3       0.00      0.00      0.00         2
           4       0.33      0.22      0.27         9
           5       0.63      0.81      0.71       139
           6       0.73      0.51      0.60       127
           7       0.40      0.44      0.42        41
           8       0.00      0.00      0.00         2

    accuracy                           0.62       320
   macro avg       0.35      0.33      0.33       320
weighted avg       0.62      0.62      0.61       320
