              precision    recall  f1-score   support

           3       0.00      0.00      0.00         2
           4       0.00      0.00      0.00         9
           5       0.72      0.83      0.77       139
           6       0.71      0.77      0.74       127
           7       0.75      0.29      0.42        41
           8       0.50      0.50      0.50         2

    accuracy                           0.71       320
   macro avg       0.45      0.40      0.40       320
weighted avg       0.69      0.71      0.68       320
